1:117 161 117 162 117 163 117 164 118 160 118 161 118 162 118 163 118 164 119 160 119 161 119 162 119 163 119 164 120 160 120 161 120 162 120 163 120 164 120 165 121 160 121 161 121 162 121 163 121 164 121 165 122 160 122 161 122 162 122 163 122 164 122 165 123 160 123 161 123 162 123 163 123 164 123 165 124 160 124 161 124 162 124 163 124 164 124 165 125 160 125 161 125 162 125 163 125 164 125 165 126 160 126 161 126 162 126 163 126 164 126 165 126 166 127 160 127 161 127 162 127 163 127 164 127 165 127 166 128 160 128 161 128 162 128 163 128 164 128 165 128 166 129 161 129 162 129 163 129 164 129 165 130 162 130 163 130 164 
1:118 152 119 152 119 153 119 154 119 155 119 156 120 151 120 152 120 153 120 154 120 155 120 156 121 151 121 152 121 153 121 154 121 155 121 156 122 151 122 152 122 153 122 154 122 155 122 156 123 151 123 152 123 153 123 154 123 155 123 156 124 150 124 151 124 152 124 153 124 154 124 155 124 156 125 150 125 151 125 152 125 153 125 154 125 155 125 156 126 150 126 151 126 152 126 153 126 154 126 155 126 156 127 151 127 152 127 153 127 154 127 155 128 152 128 153 128 154 
1:108 154 109 154 109 155 109 156 109 157 109 158 110 153 110 154 110 155 110 156 110 157 110 158 111 153 111 154 111 155 111 156 111 157 111 158 112 153 112 154 112 155 112 156 112 157 112 158 113 153 113 154 113 155 113 156 113 157 113 158 114 152 114 153 114 154 114 155 114 156 114 157 114 158 115 152 115 153 115 154 115 155 115 156 115 157 115 158 116 152 116 153 116 154 116 155 116 156 116 157 116 158 117 152 117 153 117 154 117 155 117 156 117 157 118 153 118 154 118 155 118 156 
1:100 156 100 157 100 158 101 155 101 156 101 157 101 158 101 159 102 155 102 156 102 157 102 158 102 159 103 155 103 156 103 157 103 158 103 159 104 154 104 155 104 156 104 157 104 158 104 159 105 154 105 155 105 156 105 157 105 158 105 159 106 154 106 155 106 156 106 157 106 158 106 159 107 154 107 155 107 156 107 157 107 158 107 159 108 155 108 156 108 157 108 158 
1:92 158 92 159 93 157 93 158 93 159 93 160 94 156 94 157 94 158 94 159 94 160 94 161 95 156 95 157 95 158 95 159 95 160 95 161 96 156 96 157 96 158 96 159 96 160 96 161 97 156 97 157 97 158 97 159 97 160 97 161 98 157 98 158 98 159 98 160 
1:91 147 91 148 91 149 91 150 91 151 91 152 92 146 92 147 92 148 92 149 92 150 92 151 92 152 92 153 93 146 93 147 93 148 93 149 93 150 93 151 93 152 93 153 94 145 94 146 94 147 94 148 94 149 94 150 94 151 94 152 95 146 95 147 95 148 95 149 95 150 95 151 95 152 96 146 96 147 96 148 96 149 96 150 97 148 97 149 
1:81 149 81 150 81 151 82 148 82 149 82 150 82 151 82 152 83 147 83 148 83 149 83 150 83 151 83 152 83 153 84 147 84 148 84 149 84 150 84 151 84 152 84 153 84 154 85 147 85 148 85 149 85 150 85 151 85 152 85 153 85 154 86 148 86 149 86 150 86 151 86 152 86 153 86 154 87 149 87 150 87 151 87 152 87 153 87 154 
1:71 152 72 150 72 151 72 152 72 153 72 154 73 149 73 150 73 151 73 152 73 153 73 154 74 149 74 150 74 151 74 152 74 153 74 154 74 155 75 149 75 150 75 151 75 152 75 153 75 154 75 155 76 150 76 151 76 152 76 153 76 154 76 155 77 150 77 151 77 152 77 153 77 154 77 155 78 151 78 152 78 153 78 154 78 155 78 156 79 152 79 153 79 154 79 155 80 153 80 154 
1:62 152 62 153 62 154 62 155 63 151 63 152 63 153 63 154 63 155 63 156 64 151 64 152 64 153 64 154 64 155 64 156 65 151 65 152 65 153 65 154 65 155 65 156 66 151 66 152 66 153 66 154 66 155 66 156 66 157 67 152 67 153 67 154 67 155 67 156 67 157 68 152 68 153 68 154 68 155 68 156 68 157 69 152 69 153 69 154 69 155 69 156 69 157 70 153 70 154 70 155 70 156 70 157 71 153 71 154 71 155 71 156 71 157 72 155 72 156 
1:52 154 52 155 52 156 52 157 53 153 53 154 53 155 53 156 53 157 53 158 54 153 54 154 54 155 54 156 54 157 54 158 55 153 55 154 55 155 55 156 55 157 55 158 56 153 56 154 56 155 56 156 56 157 56 158 57 153 57 154 57 155 57 156 57 157 57 158 58 153 58 154 58 155 58 156 58 157 58 158 59 154 59 155 59 156 59 157 59 158 60 154 60 155 60 156 60 157 60 158 61 154 61 155 61 156 61 157 61 158 62 156 62 157 62 158 63 157 63 158 64 157 64 158 
